98128
78246
5081
51028
28832
37383
34385
7583
95415
16672
9221
14671
7550
96043
58134
94393
79820
19890
46885
52388
87754
47343
13478
17254
39786
12071
82478
51590
90271
21440
88504
10126
72952
57303
87190
74278
58122
69996
62778
66277
61464
43039
92123
77088
52577
70407
69179
82028
45716
9989
39975
45670
35842
85831
96278
80536
87372
99892
89604
83114
6497
92972
11535
92749
82858
15932
61397
78113
30010
48677
40027
55937
79284
37609
10327
42676
33507
84383
21087
12499
24034
88644
23820
71629
7732
19319
3365
16774
31355
7638
8528
36091
58938
66126
22108
33965
97046
48792
62804
68988
26587
54961
2954
47708
34028
36482
81391
99726
26518
72623
80215
89653
87266
10839
27026
5795
6481
648254
87124
11627
62506
51785
36911
6679
8832
564211
64049
9615
5320
259204
5515
8628
565757
72321
46009
16519
4686
43032
34280
84357
55124
93746
93670
85757
49975
28413
88216
95239
21483
32900
84008
57612
60900
77622
72184
63036
4377
67310
8329
19553
70157
97793
45059
87549
44650
56617
83729
17988
80308
74870
81425
73849
7612
74525
6082
5535
18892
54109
62956
70654
30093
59206
66078
57389
29920
41911
34996
32772
18813
15631
44994
67962
43963
62189
65015
20277
20892
94474
42929
87693
