NumStates   "--nstates "   i (1,4)
S0     "--s0 "  c (0,1,2,3,4,5,6,7,8,9,10,11,12,13,14,15,16,17,18,19,20,21,22,23,24,25,26,27,28,29,30,31,32,33,34,35,36,37,38,39,40,41,42,43,44,45,46,47,48,49,50,51,52,53,54,55,56,57,58,59,60,61,62,63,64,65,66,67,68,69,70,71,72,73,74,75,76,77,78,79,80,81,82,83,84,85,86,87,88,89,90,91,92,93,94,95,96,97,98,99,100,101,102,103,104,105,106,107,108,109,110,111,112,113,114,115,116,117,118,119,120,121,122,123,124,125,126,127,128,129,130,131,132,133,134,135,136,137,138,139,140,141,142,143,144,145,146,147,148,149,150,151,152,153,154,155,156,157,158,159,160,161,162,163,164,165,166,167,168,169,170,171,172,173,174,175,176,177,178,179,180,181,182,183,184,185,186,187,188,189,190,191,192,193,194,195,196,197,198,199,200,201,202,203,204,205,206,207,208,209,210,211,212,213,214,215,216,217,218,219,220,221,222,223,224,225,226,227,228,229,230,231,232,233,234,235,236,237,238,239,240,241,242,243,244,245,246,247,248,249,250,251,252,253,254,255,256,257,258,259,260,261,262,263,264,265,266,267,268,269,270,271,272,273,274,275,276,277,278,279,280,281,282,283,284,285,286,287,288,289,290,291,292,293,294,295,296,297,298,299,300,301,302,303,304,305,306,307,308,309,310,311,312,313,314,315,316,317,318,319,320,321,322,323,324,325,326,327,328,329,330,331,332,333,334,335,336,337,338,339,340,341,342,343,344,345,346,347,348,349,350,351,352,353,354,355,356,357,358,359,360,361,362,363,364,365,366,367,368,369,370,371,372,373,374,375,376,377,378,379,380,381,382,383,384,385,386,387,388,389,390,391,392,393,394,395,396,397,398,399,400,401,402,403,404,405,406,407,408,409,410,411,412,413,414,415,416,417,418,419,420,421,422,423,424,425,426,427,428,429,430,431,432,433,434,435,436,437,438,439,440,441,442,443,444,445,446,447,448,449,450,451,452,453,454,455,456,457,458,459,460,461,462,463,464,465,466,467,468,469,470,471,472,473,474,475,476,477,478,479,480,481,482,483,484,485,486,487,488,489,490,491,492,493,494,495,496,497,498,499,500,501,502,503,504,505,506,507,508,509,510,511,512,513,514,515,516,517,518,519,520,521,522,523,524,525,526,527,528,529,530,531,532,533,534,535,536,537,538,539,540,541,542,543,544,545,546,547,548,549,550,551,552,553,554,555,556,557,558,559,560,561,562,563,564,565,566,567,568,569,570,571,572,573,574,575,576,577,578,579,580,581,582,583,584,585,586,587,588,589,590,591,592,593,594,595,596,597,598,599,600,601,602,603,604,605,606,607,608,609,610,611,612,613,614,615,616,617,618,619,620,621,622,623,624,625,626,627,628,629,630,631,632,633,634,635,636,637,638,639,640,641,642,643,644,645,646,647,648,649,650,651,652,653,654,655,656,657,658,659,660,661,662,663,664,665,666,667,668,669,670) | as.numeric(NumStates)>0 
NumConnections0 "--n0 " i (1,4) | as.numeric(NumStates)>1
N0x0  "--n0x0 " i   (0,3) | as.numeric(NumConnections0)>0 
C0x0  "--c0x0 " c   (6,7,8,9,10) | as.numeric(NumConnections0)>0 
P0x0  "--p0x0 " r   (0,1) | as.numeric(C0x0) %in% c(6,7,8,9,10) 
T0x0  "--t0x0 " r   (0,20) | as.numeric(C0x0)==10 
TI0x0  "--t0x0 " r   (0,8) | as.numeric(C0x0) %in% c(7,8) 
TA0x0  "--t0x0 " c   (0,1,2) | as.numeric(C0x0)==6 
TB0x0  "--t0x0 " c   (0,1,2,3) | as.numeric(C0x0)==9 
B0x0  "--b0x0 " c   (0,1) | as.numeric(C0x0) %in% c(7,8,10) 
N0x1  "--n0x1 " i   (0,3) | as.numeric(NumConnections0)>1 
C0x1  "--c0x1 " c   (6,7,8,9,10) | as.numeric(NumConnections0)>1 
P0x1  "--p0x1 " r   (0,1) | as.numeric(C0x1) %in% c(6,7,8,9,10) 
T0x1  "--t0x1 " r   (0,20) | as.numeric(C0x1)==10 
TI0x1  "--t0x1 " r   (0,8) | as.numeric(C0x1) %in% c(7,8) 
TA0x1  "--t0x1 " c   (0,1,2) | as.numeric(C0x1)==6 
TB0x1  "--t0x1 " c   (0,1,2,3) | as.numeric(C0x1)==9 
B0x1  "--b0x1 " c   (0,1) | as.numeric(C0x1) %in% c(7,8,10) 
N0x2  "--n0x2 " i   (0,3) | as.numeric(NumConnections0)>2 
C0x2  "--c0x2 " c   (6,7,8,9,10) | as.numeric(NumConnections0)>2 
P0x2  "--p0x2 " r   (0,1) | as.numeric(C0x2) %in% c(6,7,8,9,10) 
T0x2  "--t0x2 " r   (0,20) | as.numeric(C0x2)==10 
TI0x2  "--t0x2 " r   (0,8) | as.numeric(C0x2) %in% c(7,8) 
TA0x2  "--t0x2 " c   (0,1,2) | as.numeric(C0x2)==6 
TB0x2  "--t0x2 " c   (0,1,2,3) | as.numeric(C0x2)==9 
B0x2  "--b0x2 " c   (0,1) | as.numeric(C0x2) %in% c(7,8,10) 
N0x3  "--n0x3 " i   (0,3) | as.numeric(NumConnections0)>3 
C0x3  "--c0x3 " c   (6,7,8,9,10) | as.numeric(NumConnections0)>3 
P0x3  "--p0x3 " r   (0,1) | as.numeric(C0x3) %in% c(6,7,8,9,10) 
T0x3  "--t0x3 " r   (0,20) | as.numeric(C0x3)==10 
TI0x3  "--t0x3 " r   (0,8) | as.numeric(C0x3) %in% c(7,8) 
TA0x3  "--t0x3 " c   (0,1,2) | as.numeric(C0x3)==6 
TB0x3  "--t0x3 " c   (0,1,2,3) | as.numeric(C0x3)==9 
B0x3  "--b0x3 " c   (0,1) | as.numeric(C0x3) %in% c(7,8,10) 
S1     "--s1 "  c (0,1,2,3,4,5,6,7,8,9,10,11,12,13,14,15,16,17,18,19,20,21,22,23,24,25,26,27,28,29,30,31,32,33,34,35,36,37,38,39,40,41,42,43,44,45,46,47,48,49,50,51,52,53,54,55,56,57,58,59,60,61,62,63,64,65,66,67,68,69,70,71,72,73,74,75,76,77,78,79,80,81,82,83,84,85,86,87,88,89,90,91,92,93,94,95,96,97,98,99,100,101,102,103,104,105,106,107,108,109,110,111,112,113,114,115,116,117,118,119,120,121,122,123,124,125,126,127,128,129,130,131,132,133,134,135,136,137,138,139,140,141,142,143,144,145,146,147,148,149,150,151,152,153,154,155,156,157,158,159,160,161,162,163,164,165,166,167,168,169,170,171,172,173,174,175,176,177,178,179,180,181,182,183,184,185,186,187,188,189,190,191,192,193,194,195,196,197,198,199,200,201,202,203,204,205,206,207,208,209,210,211,212,213,214,215,216,217,218,219,220,221,222,223,224,225,226,227,228,229,230,231,232,233,234,235,236,237,238,239,240,241,242,243,244,245,246,247,248,249,250,251,252,253,254,255,256,257,258,259,260,261,262,263,264,265,266,267,268,269,270,271,272,273,274,275,276,277,278,279,280,281,282,283,284,285,286,287,288,289,290,291,292,293,294,295,296,297,298,299,300,301,302,303,304,305,306,307,308,309,310,311,312,313,314,315,316,317,318,319,320,321,322,323,324,325,326,327,328,329,330,331,332,333,334,335,336,337,338,339,340,341,342,343,344,345,346,347,348,349,350,351,352,353,354,355,356,357,358,359,360,361,362,363,364,365,366,367,368,369,370,371,372,373,374,375,376,377,378,379,380,381,382,383,384,385,386,387,388,389,390,391,392,393,394,395,396,397,398,399,400,401,402,403,404,405,406,407,408,409,410,411,412,413,414,415,416,417,418,419,420,421,422,423,424,425,426,427,428,429,430,431,432,433,434,435,436,437,438,439,440,441,442,443,444,445,446,447,448,449,450,451,452,453,454,455,456,457,458,459,460,461,462,463,464,465,466,467,468,469,470,471,472,473,474,475,476,477,478,479,480,481,482,483,484,485,486,487,488,489,490,491,492,493,494,495,496,497,498,499,500,501,502,503,504,505,506,507,508,509,510,511,512,513,514,515,516,517,518,519,520,521,522,523,524,525,526,527,528,529,530,531,532,533,534,535,536,537,538,539,540,541,542,543,544,545,546,547,548,549,550,551,552,553,554,555,556,557,558,559,560,561,562,563,564,565,566,567,568,569,570,571,572,573,574,575,576,577,578,579,580,581,582,583,584,585,586,587,588,589,590,591,592,593,594,595,596,597,598,599,600,601,602,603,604,605,606,607,608,609,610,611,612,613,614,615,616,617,618,619,620,621,622,623,624,625,626,627,628,629,630,631,632,633,634,635,636,637,638,639,640,641,642,643,644,645,646,647,648,649,650,651,652,653,654,655,656,657,658,659,660,661,662,663,664,665,666,667,668,669,670) | as.numeric(NumStates)>1 
NumConnections1 "--n1 " i (1,4) | as.numeric(NumStates)>1
N1x0  "--n1x0 " i   (0,3) | as.numeric(NumConnections1)>0 
C1x0  "--c1x0 " c   (6,7,8,9,10) | as.numeric(NumConnections1)>0 
P1x0  "--p1x0 " r   (0,1) | as.numeric(C1x0) %in% c(6,7,8,9,10) 
T1x0  "--t1x0 " r   (0,20) | as.numeric(C1x0)==10 
TI1x0  "--t1x0 " r   (0,8) | as.numeric(C1x0) %in% c(7,8) 
TA1x0  "--t1x0 " c   (0,1,2) | as.numeric(C1x0)==6 
TB1x0  "--t1x0 " c   (0,1,2,3) | as.numeric(C1x0)==9 
B1x0  "--b1x0 " c   (0,1) | as.numeric(C1x0) %in% c(7,8,10) 
N1x1  "--n1x1 " i   (0,3) | as.numeric(NumConnections1)>1 
C1x1  "--c1x1 " c   (6,7,8,9,10) | as.numeric(NumConnections1)>1 
P1x1  "--p1x1 " r   (0,1) | as.numeric(C1x1) %in% c(6,7,8,9,10) 
T1x1  "--t1x1 " r   (0,20) | as.numeric(C1x1)==10 
TI1x1  "--t1x1 " r   (0,8) | as.numeric(C1x1) %in% c(7,8) 
TA1x1  "--t1x1 " c   (0,1,2) | as.numeric(C1x1)==6 
TB1x1  "--t1x1 " c   (0,1,2,3) | as.numeric(C1x1)==9 
B1x1  "--b1x1 " c   (0,1) | as.numeric(C1x1) %in% c(7,8,10) 
N1x2  "--n1x2 " i   (0,3) | as.numeric(NumConnections1)>2 
C1x2  "--c1x2 " c   (6,7,8,9,10) | as.numeric(NumConnections1)>2 
P1x2  "--p1x2 " r   (0,1) | as.numeric(C1x2) %in% c(6,7,8,9,10) 
T1x2  "--t1x2 " r   (0,20) | as.numeric(C1x2)==10 
TI1x2  "--t1x2 " r   (0,8) | as.numeric(C1x2) %in% c(7,8) 
TA1x2  "--t1x2 " c   (0,1,2) | as.numeric(C1x2)==6 
TB1x2  "--t1x2 " c   (0,1,2,3) | as.numeric(C1x2)==9 
B1x2  "--b1x2 " c   (0,1) | as.numeric(C1x2) %in% c(7,8,10) 
N1x3  "--n1x3 " i   (0,3) | as.numeric(NumConnections1)>3 
C1x3  "--c1x3 " c   (6,7,8,9,10) | as.numeric(NumConnections1)>3 
P1x3  "--p1x3 " r   (0,1) | as.numeric(C1x3) %in% c(6,7,8,9,10) 
T1x3  "--t1x3 " r   (0,20) | as.numeric(C1x3)==10 
TI1x3  "--t1x3 " r   (0,8) | as.numeric(C1x3) %in% c(7,8) 
TA1x3  "--t1x3 " c   (0,1,2) | as.numeric(C1x3)==6 
TB1x3  "--t1x3 " c   (0,1,2,3) | as.numeric(C1x3)==9 
B1x3  "--b1x3 " c   (0,1) | as.numeric(C1x3) %in% c(7,8,10) 
S2     "--s2 "  c (0,1,2,3,4,5,6,7,8,9,10,11,12,13,14,15,16,17,18,19,20,21,22,23,24,25,26,27,28,29,30,31,32,33,34,35,36,37,38,39,40,41,42,43,44,45,46,47,48,49,50,51,52,53,54,55,56,57,58,59,60,61,62,63,64,65,66,67,68,69,70,71,72,73,74,75,76,77,78,79,80,81,82,83,84,85,86,87,88,89,90,91,92,93,94,95,96,97,98,99,100,101,102,103,104,105,106,107,108,109,110,111,112,113,114,115,116,117,118,119,120,121,122,123,124,125,126,127,128,129,130,131,132,133,134,135,136,137,138,139,140,141,142,143,144,145,146,147,148,149,150,151,152,153,154,155,156,157,158,159,160,161,162,163,164,165,166,167,168,169,170,171,172,173,174,175,176,177,178,179,180,181,182,183,184,185,186,187,188,189,190,191,192,193,194,195,196,197,198,199,200,201,202,203,204,205,206,207,208,209,210,211,212,213,214,215,216,217,218,219,220,221,222,223,224,225,226,227,228,229,230,231,232,233,234,235,236,237,238,239,240,241,242,243,244,245,246,247,248,249,250,251,252,253,254,255,256,257,258,259,260,261,262,263,264,265,266,267,268,269,270,271,272,273,274,275,276,277,278,279,280,281,282,283,284,285,286,287,288,289,290,291,292,293,294,295,296,297,298,299,300,301,302,303,304,305,306,307,308,309,310,311,312,313,314,315,316,317,318,319,320,321,322,323,324,325,326,327,328,329,330,331,332,333,334,335,336,337,338,339,340,341,342,343,344,345,346,347,348,349,350,351,352,353,354,355,356,357,358,359,360,361,362,363,364,365,366,367,368,369,370,371,372,373,374,375,376,377,378,379,380,381,382,383,384,385,386,387,388,389,390,391,392,393,394,395,396,397,398,399,400,401,402,403,404,405,406,407,408,409,410,411,412,413,414,415,416,417,418,419,420,421,422,423,424,425,426,427,428,429,430,431,432,433,434,435,436,437,438,439,440,441,442,443,444,445,446,447,448,449,450,451,452,453,454,455,456,457,458,459,460,461,462,463,464,465,466,467,468,469,470,471,472,473,474,475,476,477,478,479,480,481,482,483,484,485,486,487,488,489,490,491,492,493,494,495,496,497,498,499,500,501,502,503,504,505,506,507,508,509,510,511,512,513,514,515,516,517,518,519,520,521,522,523,524,525,526,527,528,529,530,531,532,533,534,535,536,537,538,539,540,541,542,543,544,545,546,547,548,549,550,551,552,553,554,555,556,557,558,559,560,561,562,563,564,565,566,567,568,569,570,571,572,573,574,575,576,577,578,579,580,581,582,583,584,585,586,587,588,589,590,591,592,593,594,595,596,597,598,599,600,601,602,603,604,605,606,607,608,609,610,611,612,613,614,615,616,617,618,619,620,621,622,623,624,625,626,627,628,629,630,631,632,633,634,635,636,637,638,639,640,641,642,643,644,645,646,647,648,649,650,651,652,653,654,655,656,657,658,659,660,661,662,663,664,665,666,667,668,669,670) | as.numeric(NumStates)>2 
NumConnections2 "--n2 " i (1,4) | as.numeric(NumStates)>2
N2x0  "--n2x0 " i   (0,3) | as.numeric(NumConnections2)>0 
C2x0  "--c2x0 " c   (6,7,8,9,10) | as.numeric(NumConnections2)>0 
P2x0  "--p2x0 " r   (0,1) | as.numeric(C2x0) %in% c(6,7,8,9,10) 
T2x0  "--t2x0 " r   (0,20) | as.numeric(C2x0)==10 
TI2x0  "--t2x0 " r   (0,8) | as.numeric(C2x0) %in% c(7,8) 
TA2x0  "--t2x0 " c   (0,1,2) | as.numeric(C2x0)==6 
TB2x0  "--t2x0 " c   (0,1,2,3) | as.numeric(C2x0)==9 
B2x0  "--b2x0 " c   (0,1) | as.numeric(C2x0) %in% c(7,8,10) 
N2x1  "--n2x1 " i   (0,3) | as.numeric(NumConnections2)>1 
C2x1  "--c2x1 " c   (6,7,8,9,10) | as.numeric(NumConnections2)>1 
P2x1  "--p2x1 " r   (0,1) | as.numeric(C2x1) %in% c(6,7,8,9,10) 
T2x1  "--t2x1 " r   (0,20) | as.numeric(C2x1)==10 
TI2x1  "--t2x1 " r   (0,8) | as.numeric(C2x1) %in% c(7,8) 
TA2x1  "--t2x1 " c   (0,1,2) | as.numeric(C2x1)==6 
TB2x1  "--t2x1 " c   (0,1,2,3) | as.numeric(C2x1)==9 
B2x1  "--b2x1 " c   (0,1) | as.numeric(C2x1) %in% c(7,8,10) 
N2x2  "--n2x2 " i   (0,3) | as.numeric(NumConnections2)>2 
C2x2  "--c2x2 " c   (6,7,8,9,10) | as.numeric(NumConnections2)>2 
P2x2  "--p2x2 " r   (0,1) | as.numeric(C2x2) %in% c(6,7,8,9,10) 
T2x2  "--t2x2 " r   (0,20) | as.numeric(C2x2)==10 
TI2x2  "--t2x2 " r   (0,8) | as.numeric(C2x2) %in% c(7,8) 
TA2x2  "--t2x2 " c   (0,1,2) | as.numeric(C2x2)==6 
TB2x2  "--t2x2 " c   (0,1,2,3) | as.numeric(C2x2)==9 
B2x2  "--b2x2 " c   (0,1) | as.numeric(C2x2) %in% c(7,8,10) 
N2x3  "--n2x3 " i   (0,3) | as.numeric(NumConnections2)>3 
C2x3  "--c2x3 " c   (6,7,8,9,10) | as.numeric(NumConnections2)>3 
P2x3  "--p2x3 " r   (0,1) | as.numeric(C2x3) %in% c(6,7,8,9,10) 
T2x3  "--t2x3 " r   (0,20) | as.numeric(C2x3)==10 
TI2x3  "--t2x3 " r   (0,8) | as.numeric(C2x3) %in% c(7,8) 
TA2x3  "--t2x3 " c   (0,1,2) | as.numeric(C2x3)==6 
TB2x3  "--t2x3 " c   (0,1,2,3) | as.numeric(C2x3)==9 
B2x3  "--b2x3 " c   (0,1) | as.numeric(C2x3) %in% c(7,8,10) 
S3     "--s3 "  c (0,1,2,3,4,5,6,7,8,9,10,11,12,13,14,15,16,17,18,19,20,21,22,23,24,25,26,27,28,29,30,31,32,33,34,35,36,37,38,39,40,41,42,43,44,45,46,47,48,49,50,51,52,53,54,55,56,57,58,59,60,61,62,63,64,65,66,67,68,69,70,71,72,73,74,75,76,77,78,79,80,81,82,83,84,85,86,87,88,89,90,91,92,93,94,95,96,97,98,99,100,101,102,103,104,105,106,107,108,109,110,111,112,113,114,115,116,117,118,119,120,121,122,123,124,125,126,127,128,129,130,131,132,133,134,135,136,137,138,139,140,141,142,143,144,145,146,147,148,149,150,151,152,153,154,155,156,157,158,159,160,161,162,163,164,165,166,167,168,169,170,171,172,173,174,175,176,177,178,179,180,181,182,183,184,185,186,187,188,189,190,191,192,193,194,195,196,197,198,199,200,201,202,203,204,205,206,207,208,209,210,211,212,213,214,215,216,217,218,219,220,221,222,223,224,225,226,227,228,229,230,231,232,233,234,235,236,237,238,239,240,241,242,243,244,245,246,247,248,249,250,251,252,253,254,255,256,257,258,259,260,261,262,263,264,265,266,267,268,269,270,271,272,273,274,275,276,277,278,279,280,281,282,283,284,285,286,287,288,289,290,291,292,293,294,295,296,297,298,299,300,301,302,303,304,305,306,307,308,309,310,311,312,313,314,315,316,317,318,319,320,321,322,323,324,325,326,327,328,329,330,331,332,333,334,335,336,337,338,339,340,341,342,343,344,345,346,347,348,349,350,351,352,353,354,355,356,357,358,359,360,361,362,363,364,365,366,367,368,369,370,371,372,373,374,375,376,377,378,379,380,381,382,383,384,385,386,387,388,389,390,391,392,393,394,395,396,397,398,399,400,401,402,403,404,405,406,407,408,409,410,411,412,413,414,415,416,417,418,419,420,421,422,423,424,425,426,427,428,429,430,431,432,433,434,435,436,437,438,439,440,441,442,443,444,445,446,447,448,449,450,451,452,453,454,455,456,457,458,459,460,461,462,463,464,465,466,467,468,469,470,471,472,473,474,475,476,477,478,479,480,481,482,483,484,485,486,487,488,489,490,491,492,493,494,495,496,497,498,499,500,501,502,503,504,505,506,507,508,509,510,511,512,513,514,515,516,517,518,519,520,521,522,523,524,525,526,527,528,529,530,531,532,533,534,535,536,537,538,539,540,541,542,543,544,545,546,547,548,549,550,551,552,553,554,555,556,557,558,559,560,561,562,563,564,565,566,567,568,569,570,571,572,573,574,575,576,577,578,579,580,581,582,583,584,585,586,587,588,589,590,591,592,593,594,595,596,597,598,599,600,601,602,603,604,605,606,607,608,609,610,611,612,613,614,615,616,617,618,619,620,621,622,623,624,625,626,627,628,629,630,631,632,633,634,635,636,637,638,639,640,641,642,643,644,645,646,647,648,649,650,651,652,653,654,655,656,657,658,659,660,661,662,663,664,665,666,667,668,669,670) | as.numeric(NumStates)>3 
NumConnections3 "--n3 " i (1,4) | as.numeric(NumStates)>3
N3x0  "--n3x0 " i   (0,3) | as.numeric(NumConnections3)>0 
C3x0  "--c3x0 " c   (6,7,8,9,10) | as.numeric(NumConnections3)>0 
P3x0  "--p3x0 " r   (0,1) | as.numeric(C3x0) %in% c(6,7,8,9,10) 
T3x0  "--t3x0 " r   (0,20) | as.numeric(C3x0)==10 
TI3x0  "--t3x0 " r   (0,8) | as.numeric(C3x0) %in% c(7,8) 
TA3x0  "--t3x0 " c   (0,1,2) | as.numeric(C3x0)==6 
TB3x0  "--t3x0 " c   (0,1,2,3) | as.numeric(C3x0)==9 
B3x0  "--b3x0 " c   (0,1) | as.numeric(C3x0) %in% c(7,8,10) 
N3x1  "--n3x1 " i   (0,3) | as.numeric(NumConnections3)>1 
C3x1  "--c3x1 " c   (6,7,8,9,10) | as.numeric(NumConnections3)>1 
P3x1  "--p3x1 " r   (0,1) | as.numeric(C3x1) %in% c(6,7,8,9,10) 
T3x1  "--t3x1 " r   (0,20) | as.numeric(C3x1)==10 
TI3x1  "--t3x1 " r   (0,8) | as.numeric(C3x1) %in% c(7,8) 
TA3x1  "--t3x1 " c   (0,1,2) | as.numeric(C3x1)==6 
TB3x1  "--t3x1 " c   (0,1,2,3) | as.numeric(C3x1)==9 
B3x1  "--b3x1 " c   (0,1) | as.numeric(C3x1) %in% c(7,8,10) 
N3x2  "--n3x2 " i   (0,3) | as.numeric(NumConnections3)>2 
C3x2  "--c3x2 " c   (6,7,8,9,10) | as.numeric(NumConnections3)>2 
P3x2  "--p3x2 " r   (0,1) | as.numeric(C3x2) %in% c(6,7,8,9,10) 
T3x2  "--t3x2 " r   (0,20) | as.numeric(C3x2)==10 
TI3x2  "--t3x2 " r   (0,8) | as.numeric(C3x2) %in% c(7,8) 
TA3x2  "--t3x2 " c   (0,1,2) | as.numeric(C3x2)==6 
TB3x2  "--t3x2 " c   (0,1,2,3) | as.numeric(C3x2)==9 
B3x2  "--b3x2 " c   (0,1) | as.numeric(C3x2) %in% c(7,8,10) 
N3x3  "--n3x3 " i   (0,3) | as.numeric(NumConnections3)>3 
C3x3  "--c3x3 " c   (6,7,8,9,10) | as.numeric(NumConnections3)>3 
P3x3  "--p3x3 " r   (0,1) | as.numeric(C3x3) %in% c(6,7,8,9,10) 
T3x3  "--t3x3 " r   (0,20) | as.numeric(C3x3)==10 
TI3x3  "--t3x3 " r   (0,8) | as.numeric(C3x3) %in% c(7,8) 
TA3x3  "--t3x3 " c   (0,1,2) | as.numeric(C3x3)==6 
TB3x3  "--t3x3 " c   (0,1,2,3) | as.numeric(C3x3)==9 
B3x3  "--b3x3 " c   (0,1) | as.numeric(C3x3) %in% c(7,8,10) 
